400	195.56372
400.70441	192.63869
401.40884	195.50056
402.11325	197.85995
402.81766	199.53716
403.52209	200.14859
404.2265	199.16508
404.93091	195.64221
405.63531	195.21524
406.33975	195.46349
407.04416	197.90182
407.74857	200.81572
408.453	197.24878
409.15741	201.20044
409.86182	199.65866
410.56625	196.83138
411.27066	195.11787
411.97507	195.31851
412.6795	195.94543
413.38391	198.46727
414.08832	200.16487
414.79272	201.66849
415.49716	202.78583
416.20157	201.79062
416.90598	199.59258
417.61041	200.72366
418.31482	202.32304
419.01923	201.46693
419.72366	197.51083
420.42807	197.30443
421.13248	199.3298
421.83691	199.53375
422.54132	199.88344
423.24573	199.93062
423.95013	197.12489
424.65457	200.90034
425.35898	198.54333
426.06339	198.00385
426.76782	198.03313
427.47223	197.80693
428.17664	204.30885
428.88107	202.35165
429.58548	196.92505
430.28989	198.11255
430.99432	204.94748
431.69873	208.40385
432.40314	200.57069
433.10754	200.45639
433.81198	201.80484
434.51639	202.42842
435.22079	201.91942
435.92523	201.46689
436.62964	199.88474
437.33405	201.757
438.03848	201.23007
438.74289	202.77078
439.4473	209.11752
440.15173	202.4191
440.85614	196.55174
441.56055	201.19014
442.26495	205.40491
442.96939	206.40501
443.6738	209.21144
444.3782	208.06424
445.08264	205.62802
445.78705	208.12901
446.49146	213.76947
447.19589	217.33527
447.9003	212.03639
448.60471	211.68289
449.30914	211.69281
450.01355	212.2281
450.71796	216.04605
451.42239	224.02002
452.1268	227.33188
452.83121	240.32448
453.53561	230.4465
454.24005	229.99672
454.94446	237.02315
455.64886	223.48694
456.3533	218.53601
457.05771	231.11272
457.76212	232.7298
458.46655	224.98529
459.17096	217.70802
459.87537	221.78778
460.5798	225.73328
461.28421	234.11774
461.98862	239.93097
462.69302	248.4864
463.39746	259.50519
464.10187	248.50392
464.80627	236.99333
465.51071	234.84981
466.21512	235.72845
466.91953	239.92848
467.62396	250.1483
468.32837	259.81561
469.03278	264.55276
469.73721	265.31531
470.44162	255.52509
471.14603	245.20638
471.85043	254.56851
472.55487	258.34186
473.25928	264.09912
473.96368	273.56683
474.66812	275.93127
475.37253	266.68036
476.07693	255.42229
476.78137	277.14157
477.48578	278.66641
478.19019	280.74649
478.89462	272.2486
479.59903	247.68925
480.30344	234.83655
481.00784	237.76459
481.71228	248.52403
482.41669	257.38422
483.12109	262.79153
483.82553	266.56293
484.52994	267.08923
485.23434	277.28018
485.93878	269.09369
486.64319	258.81085
487.3476	254.15895
488.05203	255.57506
488.75644	268.61203
489.46085	253.07214
490.16525	245.93193
490.86969	244.09755
491.5741	247.40056
492.2785	260.66077
492.98294	279.04657
493.68735	267.32568
494.39175	274.80316
495.09619	264.43585
495.8006	237.55855
496.505	245.71391
497.20944	247.6512
497.91385	251.39542
498.61826	243.92206
499.32266	247.30914
500.0271	261.84695
500.73151	252.02211
501.43591	259.62607
502.14035	255.44679
502.84476	256.45776
503.54916	255.88806
504.2536	248.21635
504.95801	242.11092
505.66241	258.29056
506.36685	261.92892
507.07126	260.21078
507.77567	258.5239
508.48007	256.94379
509.18451	247.7961
509.88892	267.64835
510.59332	270.77225
511.29776	257.9921
512.0022	250.35594
512.7066	256.36111
513.41101	241.5766
514.11542	255.95143
514.81982	271.27161
515.52423	264.74371
516.22864	249.37363
516.93311	245.51537
517.63751	250.96519
518.34192	250.58223
519.04633	248.28508
519.75073	246.57454
520.45514	246.19324
521.15961	249.08028
521.86401	261.9996
522.56842	242.44887
523.27283	254.19316
523.97723	256.32349
524.68164	252.50339
525.38605	257.57675
526.09052	255.08969
526.79492	251.65111
527.49933	254.78534
528.20374	245.99664
528.90814	237.71204
529.61255	242.71309
530.31702	237.04251
531.02142	245.6678
531.72583	242.13416
532.43024	242.83493
533.13464	245.58415
533.83905	242.21921
534.54346	232.93869
535.24792	247.17009
535.95233	247.44177
536.65674	239.82019
537.36115	239.33072
538.06555	250.57649
538.76996	249.93015
539.47443	249.24225
540.17883	249.47263
540.88324	242.14543
541.58765	234.5135
542.29205	234.77373
542.99646	240.19135
543.70087	240.7966
544.40533	243.42395
545.10974	250.04657
545.81415	248.39439
546.51855	238.81546
547.22296	246.31392
547.92737	236.38756
548.63184	241.10039
549.33624	242.15144
550.04065	237.08292
550.74506	232.70515
551.44946	239.11868
552.15387	239.43088
552.85828	239.06306
553.56274	229.58957
554.26715	224.83395
554.97156	233.67403
555.67596	250.02843
556.38037	247.33673
557.08478	241.48724
557.78925	241.77969
558.49365	244.75473
559.19806	244.06866
559.90247	235.96448
560.60687	231.12672
561.31128	239.84969
562.01569	242.17111
562.72015	239.74718
563.42456	234.88449
564.12897	229.89395
564.83337	231.59845
565.53778	227.53735
566.24219	240.43469
566.94666	241.48297
567.65106	232.20729
568.35547	229.81729
569.05988	242.20744
569.76428	231.39525
570.46869	233.03645
571.1731	238.93747
571.87756	242.04546
572.58197	238.22166
573.28638	228.28288
573.99078	233.85527
574.69519	228.2283
575.3996	231.28256
576.10406	233.70418
576.80847	230.86484
577.51288	232.28955
578.21729	230.93661
578.92169	230.79419
579.6261	228.51819
580.33051	228.1853
581.03497	226.36992
581.73938	219.46243
582.44379	234.40352
583.14819	237.29477
583.8526	232.2905
584.55701	228.24516
585.26147	233.80424
585.96588	245.81844
586.67029	235.88281
587.37469	231.87787
588.0791	229.96219
588.78351	228.37372
589.48792	229.96513
590.19238	234.16646
590.89679	233.71233
591.6012	237.65015
592.3056	233.39984
593.01001	227.16861
593.71442	222.60179
594.41888	224.30177
595.12329	235.06042
595.8277	242.98438
596.5321	232.87454
597.23651	233.96158
597.94092	232.28075
598.64532	228.13368
599.34979	228.32405
600.0542	225.50189
600.75861	233.65315
601.46301	230.91129
602.16742	229.36485
602.87183	230.20892
603.57629	232.09563
604.2807	235.56682
604.98511	231.01332
605.68951	232.53288
606.39392	232.41808
607.09833	233.80821
607.80273	234.48663
608.5072	230.46265
609.21161	236.05556
609.91602	229.39882
610.62042	228.31026
611.32483	223.55873
612.02924	222.49524
612.7337	230.42747
613.43811	231.6821
614.14252	230.07811
614.84692	232.36847
615.55133	226.50893
616.25574	223.83347
616.96014	225.33359
617.66461	220.40221
618.36902	230.39279
619.07343	228.0574
619.77783	226.86009
620.48224	226.99826
621.18665	228.06543
621.89111	230.62172
622.59552	236.0986
623.29993	229.71158
624.00433	222.60043
624.70874	225.46066
625.41315	227.07042
626.11755	223.03419
626.82202	223.22894
627.52643	229.66937
628.23083	228.55495
628.93524	231.87766
629.63965	227.94019
630.34406	220.60762
631.04852	218.67046
631.75293	217.72993
632.45734	221.24821
633.16174	229.71964
633.86615	230.30739
634.57056	228.89641
635.27496	230.22392
635.97943	232.56517
636.68384	238.44608
637.38824	227.84805
638.09265	225.82643
638.79706	224.85201
639.50146	226.15782
640.20593	230.60298
640.91034	228.62259
641.61475	231.81488
642.31915	225.78516
643.02356	225.75977
643.72797	227.07382
644.43237	225.45786
645.13684	223.08939
645.84125	228.3886
646.54565	225.78433
647.25006	225.3654
647.95447	223.48325
648.65887	227.02077
649.36334	233.58073
650.06775	226.39159
650.77216	222.752
651.47656	225.66119
652.18097	228.06334
652.88538	227.05954
653.58978	225.52525
654.29425	226.70848
654.99866	227.03291
655.70306	224.73012
656.40747	229.86487
657.11188	226.85768
657.81628	221.57854
658.52075	220.75641
659.22516	224.48778
659.92957	227.39389
660.63397	216.51874
661.33838	222.41304
662.04279	224.82149
662.74725	227.58133
663.45166	232.9619
664.15607	228.74187
664.86047	222.27478
665.56488	223.17703
666.26929	223.41122
666.97369	221.57741
667.67816	220.63443
668.38257	224.89372
669.08698	235.08765
669.79138	226.47713
670.49579	226.86588
671.2002	222.52472
671.90466	220.75223
672.60907	221.96385
673.31348	220.99698
674.01788	221.6306
674.72229	223.03119
675.4267	225.4176
676.1311	226.76089
676.83557	222.68823
677.53998	217.5712
678.24438	220.28943
678.94879	222.07527
679.6532	226.75398
680.3576	222.93698
681.06207	221.95184
681.76648	221.18727
682.47089	220.23711
683.17529	224.79733
683.8797	219.08572
684.58411	225.51372
685.28851	221.03542
685.99298	221.31956
686.69739	220.68906
687.40179	216.74442
688.1062	225.2149
688.81061	229.45554
689.51501	219.51282
690.21948	226.17102
690.92389	228.31247
691.6283	224.51932
692.3327	222.93509
693.03711	222.66901
693.74152	224.32254
694.44592	224.26344
695.15039	224.38026
695.8548	225.19444
696.5592	226.92924
697.26361	226.40689
697.96802	216.75734
698.67242	220.81972
699.37689	218.60957
700.0813	221.45963
700.78571	223.2524
701.49011	222.55936
702.19452	221.95822
702.89893	221.32689
703.60333	225.84343
704.3078	218.79352
705.01221	219.09375
705.71661	223.355
706.42102	224.82719
707.12543	221.67015
707.82983	220.6331
708.5343	225.92094
709.23871	227.3651
709.94312	222.62247
710.64752	221.66362
711.35193	222.77577
712.05634	219.56589
712.76074	217.55849
713.46521	221.50879
714.16962	226.41162
714.87402	223.95914
715.57843	222.6767
716.28284	223.90337
716.98724	222.75558
717.69171	217.96407
718.39612	219.52002
719.10052	218.83557
719.80493	222.08099
720.50934	223.5459
721.21375	225.32245
721.91815	228.41696
722.62262	222.57706
723.32703	225.91422
724.03143	227.52853
724.73584	225.88776
725.44025	222.30148
726.14465	221.43385
726.84912	223.49664
727.55353	220.35303
728.25793	217.99159
728.96234	217.18723
729.66675	222.64084
730.37115	221.82779
731.07556	220.3644
731.78003	225.26181
732.48444	229.60234
733.18884	224.94223
733.89325	219.18695
734.59766	219.08681
735.30206	226.0587
736.00653	229.31717
736.71094	223.65387
737.41534	217.54494
738.11975	221.15578
738.82416	222.61859
739.52856	216.79111
740.23297	217.54758
740.93744	216.71471
741.64185	213.77722
742.34625	217.81796
743.05066	220.09094
743.75507	216.87311
744.45947	220.93002
745.16394	225.33603
745.86835	220.60083
746.57275	216.77292
747.27716	224.96437
747.98157	225.8779
748.68597	222.90569
749.39038	218.22473
750.09485	217.5571
750.79926	218.97324
751.50366	220.14421
752.20807	221.51509
752.91248	226.18016
753.61688	231.36015
754.32135	221.75655
755.02576	219.43541
755.73016	220.7748
756.43457	220.85986
757.13898	219.7887
757.84338	220.19281
758.54779	214.00601
759.25226	225.21484
759.95667	222.91545
760.66107	221.14745
761.36548	220.86363
762.06989	221.36183
762.77429	223.5694
763.47876	226.79602
764.18317	220.3484
764.88757	220.36813
765.59198	219.53423
766.29639	220.1561
767.00079	220.08565
767.7052	219.5287
768.40967	224.9313
769.11407	228.7263
769.81848	224.35788
770.52289	222.85036
771.22729	217.25999
771.9317	221.33788
772.63617	229.53897
773.34058	223.43176
774.04498	225.96771
774.74939	228.24892
775.4538	225.84238
776.1582	218.90833
776.86261	215.82343
777.56708	218.06306
778.27148	220.82819
778.97589	219.95537
779.6803	217.98691
780.3847	218.72398
781.08911	217.11217
781.79358	218.39038
782.49799	220.27898
783.20239	220.8298
783.9068	221.66081
784.61121	223.49219
785.31561	226.88513
786.02002	226.41464
786.72449	222.97598
787.42889	221.99007
788.1333	222.78752
788.83771	222.13077
789.54211	220.99117
790.24652	225.76724
790.95099	227.72964
791.6554	228.36722
792.3598	227.13623
793.06421	227.85812
793.76862	227.89961
794.47302	223.16136
795.17743	222.40558
795.8819	216.24609
796.5863	223.9998
797.29071	221.34032
797.99512	219.76353
798.69952	221.5453
799.40393	222.84462
800.1084	223.15727
800.81281	227.05936
801.51721	223.07982
802.22162	216.38177
802.92603	217.98582
803.63043	220.95239
804.33484	220.34285
805.03931	220.10863
805.74371	227.08803
806.44812	224.33321
807.15253	221.60934
807.85693	222.89442
808.56134	220.42468
809.26581	220.01797
809.97021	220.15633
810.67462	216.17113
811.37903	219.48041
812.08344	221.43712
812.78784	218.22073
813.49225	225.23582
814.19672	224.51544
814.90112	220.33574
815.60553	218.75349
816.30994	217.96165
817.01434	224.98894
817.71875	227.89635
818.42322	221.70387
819.12762	220.08676
819.83203	218.00294
820.53644	218.90674
821.24084	224.09091
821.94525	226.11221
822.64966	226.05072
823.35413	228.18642
824.05853	226.79286
824.76294	221.70438
825.46735	218.33286
826.17175	220.74008
826.87616	223.89912
827.58063	218.68947
828.28503	222.69135
828.98944	224.8345
829.69385	225.79926
830.39825	224.71579
831.10266	225.27699
831.80707	225.96388
832.51154	222.06517
833.21594	214.72528
833.92035	222.53966
834.62476	228.2209
835.32916	221.14268
836.03357	223.01085
836.73804	224.0251
837.44244	221.97853
838.14685	221.6265
838.85126	220.48575
839.55566	219.22411
840.26007	222.70824
840.96454	223.18051
841.66895	222.19128
842.37335	221.64665
843.07776	222.84538
843.78217	224.02557
844.48657	221.34145
845.19098	219.69989
845.89545	224.52403
846.59985	227.92862
847.30426	226.16922
848.00867	223.94051
848.71307	221.08644
849.41748	218.43959
850.12195	222.36282
850.82635	225.70767
851.53076	218.94426
852.23517	220.12
852.93958	221.44531
853.64398	223.45451
854.34839	226.49565
855.05286	227.22202
855.75726	222.09285
856.46167	218.12601
857.16608	219.69533
857.87048	228.85226
858.57489	221.33835
859.27936	216.95609
859.98376	219.0878
860.68817	219.65128
861.39258	217.95016
862.09698	225.20668
862.80139	228.66724
863.5058	222.70448
864.21027	224.62579
864.91467	221.75493
865.61908	220.81566
866.32349	224.20232
867.02789	223.45235
867.7323	221.11465
868.43677	223.10202
869.14117	219.00685
869.84558	226.65889
870.54999	226.3855
871.25439	221.60994
871.9588	220.29823
872.66321	222.43358
873.36768	222.41809
874.07208	221.91771
874.77649	215.80614
875.4809	218.49974
876.1853	224.49184
876.88971	226.38795
877.59418	223.26688
878.29858	221.67845
879.00299	225.95917
879.7074	220.35176
880.4118	212.72032
881.11621	217.20181
881.82062	219.05389
882.52509	221.28369
883.22949	218.85698
883.9339	215.59047
884.63831	220.08963
885.34271	221.43437
886.04712	221.47548
886.75159	218.87207
887.45599	218.18332
888.1604	220.52487
888.86481	219.80246
889.56921	217.85849
890.27362	220.41197
890.97803	225.01079
891.6825	219.99051
892.3869	220.86391
893.09131	217.43018
893.79572	217.35648
894.50012	216.08359
895.20453	214.09131
895.909	214.09445
896.6134	215.29292
897.31781	213.5899
898.02222	215.97087
898.72662	221.74831
899.43103	223.36531
900.13544	219.71815
900.8399	215.42326
901.54431	217.02663
902.24872	222.00778
902.95313	219.36548
903.65753	213.62987
904.36194	215.87358
905.06641	218.0134
905.77081	218.66684
906.47522	218.94313
907.17963	216.82419
907.88403	213.68425
908.58844	213.76042
909.29285	217.48782
909.99731	220.99535
910.70172	219.20827
911.40613	216.22861
912.11053	214.51126
912.81494	215.3037
913.51935	216.86592
914.22382	218.17598
914.92822	220.01154
915.63263	220.93756
916.33704	213.95686
917.04144	214.60185
917.74585	216.925
918.45026	218.50752
919.15472	219.18666
919.85913	221.71538
920.56354	223.834
921.26794	219.78307
921.97235	217.14809
922.67676	215.44011
923.38123	214.34698
924.08563	216.33836
924.79004	214.91714
925.49445	217.60329
926.19885	217.52638
926.90326	212.45773
927.60767	216.5883
928.31213	212.36366
929.01654	223.8652
929.72095	216.65538
930.42535	217.40207
931.12976	220.34099
931.83417	216.9846
932.53864	214.47882
933.24304	217.66658
933.94745	215.46411
934.65186	216.25943
935.35626	213.98758
936.06067	216.65042
936.76508	221.57169
937.46954	219.28485
938.17395	217.1391
938.87836	217.96196
939.58276	217.76369
940.28717	215.60451
940.99158	211.42749
941.69604	212.45438
942.40045	219.90154
943.10486	216.59256
943.80927	216.69319
944.51367	217.97995
945.21808	215.1102
945.92249	211.11766
946.62695	212.37437
947.33136	212.99429
948.03577	220.35712
948.74017	217.46947
949.44458	220.83977
950.14899	217.98434
950.85345	217.19327
951.55786	220.17258
952.26227	222.3101
952.96667	222.24678
953.67108	216.30006
954.37549	213.16403
955.0799	215.82484
955.78436	215.05394
956.48877	213.88564
957.19318	209.78447
957.89758	209.90172
958.60199	215.44624
959.3064	216.65004
960.01086	214.05327
960.71527	218.97624
961.41968	213.59424
962.12408	217.0089
962.82849	217.93712
963.5329	215.5874
964.2373	214.06322
964.94177	215.71104
965.64618	217.37396
966.35059	214.28972
967.05499	213.54532
967.7594	215.48576
968.46381	214.93503
969.16827	218.9938
969.87268	219.11285
970.57709	213.6226
971.28149	210.35339
971.9859	211.19012
972.69031	209.78203
973.39471	215.04102
974.09918	211.77771
974.80359	213.60007
975.508	211.48204
976.2124	211.88176
976.91681	216.6727
977.62122	215.42049
978.32568	210.57526
979.03009	213.84146
979.7345	216.95364
980.4389	212.00826
981.14331	216.19109
981.84772	212.7077
982.55212	211.64418
983.25659	210.1553
983.961	214.08662
984.66541	217.37762
985.36981	213.47441
986.07422	210.80591
986.77863	215.56789
987.48309	215.14764
988.1875	211.83057
988.89191	213.65623
989.59631	215.2556
990.30072	219.43768
991.00513	218.89252
991.70953	216.44348
992.414	216.02934
993.11841	209.15857
993.82281	215.68282
994.52722	211.17422
995.23163	216.82835
995.93604	215.56987
996.6405	214.85471
997.34491	215.26128
998.04932	216.23438
998.75372	215.1449
999.45813	212.40268
1000.1625	215.64473
1000.8669	215.73273
1001.5714	218.655
1002.2758	219.27762
1002.9802	217.55861
1003.6846	219.86504
1004.389	221.47128
1005.0934	218.19508
1005.7979	215.22438
1006.5023	219.72293
1007.2067	225.96715
1007.9111	223.63741
1008.6155	215.72569
1009.3199	220.21669
1010.0244	218.71523
1010.7288	216.1881
1011.4332	219.19562
1012.1376	220.23378
1012.842	218.42149
1013.5464	222.20271
1014.2509	223.52565
1014.9553	226.45447
1015.6597	221.83893
1016.3641	219.8576
1017.0685	219.97122
1017.7729	216.8208
1018.4774	220.18642
1019.1818	222.38963
1019.8862	220.57149
1020.5906	223.59822
1021.295	222.00737
1021.9995	216.31453
1022.7039	216.41119
1023.4083	221.79869
1024.1127	217.28346
1024.8171	219.24445
1025.5215	224.64388
1026.226	223.13652
1026.9304	220.99248
1027.6348	224.16731
1028.3392	217.88736
1029.0436	226.85086
1029.748	222.7959
1030.4524	219.00699
1031.1569	219.9071
1031.8613	222.57249
1032.5657	223.25946
1033.2701	223.25246
1033.9745	220.4781
1034.679	216.09148
1035.3834	218.19899
1036.0878	218.76262
1036.7922	219.6636
1037.4966	225.93578
1038.201	223.8548
1038.9054	220.92584
1039.6099	224.18182
1040.3143	226.28146
1041.0187	227.10629
1041.7231	227.4323
1042.4275	224.18497
1043.132	224.75203
1043.8363	222.87614
1044.5408	225.81953
1045.2452	220.817
1045.9496	225.12759
1046.6541	223.66261
1047.3584	222.63104
1048.0629	223.76927
1048.7672	222.97513
1049.4717	222.66214
1050.1761	227.16232
1050.8805	221.70534
1051.585	225.67361
1052.2893	230.62846
1052.9938	222.2518
1053.6982	220.58197
1054.4026	221.04114
1055.1071	226.79118
1055.8114	228.18021
1056.5159	224.57552
1057.2202	225.02718
1057.9247	221.06386
1058.6292	227.47104
1059.3335	225.28766
1060.038	227.08243
1060.7423	227.77351
1061.4468	227.02858
1062.1511	222.4165
1062.8556	223.5016
1063.5601	227.1394
1064.2644	225.74496
1064.9689	224.63318
1065.6732	228.48486
1066.3777	226.10179
1067.082	227.28508
1067.7865	229.64507
1068.491	230.60521
1069.1953	226.48398
1069.8998	226.49829
1070.6041	226.06656
1071.3086	227.403
1072.0131	232.15031
1072.7174	231.50615
1073.4219	228.2282
1074.1262	225.77037
1074.8307	226.06996
1075.535	231.244
1076.2395	224.16911
1076.944	227.1414
1077.6483	231.77216
1078.3528	228.01634
1079.0571	224.53732
1079.7616	228.81201
1080.4659	233.62047
1081.1704	235.00688
1081.8749	225.65317
1082.5792	226.65459
1083.2837	224.40631
1083.988	222.95804
1084.6925	219.41818
1085.3969	221.26126
1086.1013	223.10333
1086.8058	226.45126
1087.5101	231.72375
1088.2146	232.56543
1088.9189	228.96342
1089.6234	217.43213
1090.3279	225.46269
1091.0322	232.7608
1091.7367	228.35266
1092.441	227.12155
1093.1455	227.99028
1093.8499	229.96805
1094.5543	227.41614
1095.2588	223.17274
1095.9631	226.58913
1096.6676	235.21455
1097.3719	236.07167
1098.0764	227.35347
1098.7808	220.9819
1099.4852	232.3177
1100.1897	227.51163
1100.894	233.53659
1101.5985	236.65472
1102.3029	234.50629
1103.0073	229.94609
1103.7118	227.854
1104.4161	231.16505
1105.1206	230.90559
1105.825	232.01407
1106.5294	230.08211
1107.2338	228.04491
1107.9382	222.78371
1108.6427	232.71902
1109.347	236.61563
1110.0515	236.94731
1110.7559	231.05162
1111.4603	229.42438
1112.1647	234.28157
1112.8691	231.73645
1113.5736	238.89876
1114.278	230.33881
1114.9824	228.58296
1115.6868	234.11195
1116.3912	233.30443
1117.0956	237.16295
1117.8	231.67947
1118.5045	235.01268
1119.2089	235.35773
1119.9133	230.41289
1120.6177	234.41583
1121.3221	239.48776
1122.0266	237.85219
1122.731	236.32315
1123.4354	227.10637
1124.1398	233.60541
1124.8442	233.58156
1125.5486	235.90758
1126.2531	234.24686
1126.9575	237.27354
1127.6619	238.44954
1128.3663	239.06787
1129.0707	240.57056
1129.7751	234.24924
1130.4795	234.61967
1131.184	232.59227
1131.8884	241.48167
1132.5928	233.27885
1133.2972	235.27368
1134.0016	234.97311
1134.7061	235.08997
1135.4104	239.01625
1136.1149	238.98018
1136.8193	237.66536
1137.5237	238.42696
1138.2281	236.27374
1138.9325	236.12993
1139.637	237.56573
1140.3414	235.7798
1141.0458	238.72224
1141.7502	239.37326
1142.4546	230.64594
1143.1591	237.25883
1143.8634	241.68044
1144.5679	244.6516
1145.2723	243.2769
1145.9767	238.76355
1146.6812	237.34523
1147.3855	236.89146
1148.09	241.37431
1148.7943	236.38107
1149.4988	244.95946
1150.2032	241.69867
1150.9076	246.37648
1151.6121	247.53258
1152.3164	243.77728
1153.0209	245.28593
1153.7252	247.71968
1154.4297	244.2175
1155.1342	240.49316
1155.8385	240.66852
1156.543	242.4339
1157.2473	247.23827
1157.9518	242.26323
1158.6563	247.28307
1159.3606	239.63554
1160.0651	240.13861
1160.7694	240.7523
1161.4739	243.01373
1162.1782	242.67116
1162.8827	240.70273
1163.5872	243.54681
1164.2915	243.94398
1164.996	245.90688
1165.7003	252.50537
1166.4048	250.4469
1167.1091	245.57011
1167.8136	245.38713
1168.5181	242.28629
1169.2224	241.94904
1169.9269	246.09576
1170.6312	249.94791
1171.3357	244.97487
1172.04	250.19872
1172.7445	251.67325
1173.449	247.11362
1174.1533	248.38031
1174.8578	249.56494
1175.5621	246.69249
1176.2666	247.39986
1176.9711	246.32442
1177.6754	252.0675
1178.3799	249.06322
1179.0842	244.35921
1179.7887	249.49788
1180.493	250.8365
1181.1975	247.67981
1181.902	247.72627
1182.6063	247.51775
1183.3108	249.29472
1184.0151	249.23523
1184.7196	248.96182
1185.424	250.65927
1186.1284	247.8912
1186.8329	246.48199
1187.5372	244.30748
1188.2417	248.05064
1188.946	253.56273
1189.6505	251.25107
1190.3549	250.89464
1191.0593	252.19563
1191.7638	253.12939
1192.4681	253.24561
1193.1726	254.145
1193.877	255.47388
1194.5814	247.92101
1195.2859	254.95772
1195.9902	257.67181
1196.6947	256.97379
1197.399	253.60031
1198.1035	252.69798
1198.8079	256.10684
1199.5123	256.9538
1200.2168	256.04581
1200.9211	255.91777
1201.6256	253.6852
1202.33	254.60069
1203.0344	253.5179
1203.7388	253.34402
1204.4432	259.31638
1205.1477	258.03522
1205.8521	260.70624
1206.5565	255.00784
1207.2609	251.30618
1207.9653	253.85793
1208.6697	256.52408
1209.3741	259.60327
1210.0786	258.22192
1210.783	263.07962
1211.4874	260.8743
1212.1918	258.20093
1212.8962	258.10736
1213.6007	254.83467
1214.3051	248.11438
1215.0095	256.2778
1215.7139	261.24164
1216.4183	259.05557
1217.1227	258.94403
1217.8271	261.06549
1218.5316	264.4617
1219.236	260.71967
1219.9404	260.52881
1220.6448	266.39255
1221.3492	257.91788
1222.0536	260.99146
1222.7581	263.06039
1223.4625	258.90698
1224.1669	259.35715
1224.8713	262.16595
1225.5757	262.1933
1226.2802	266.89941
1226.9845	272.93631
1227.689	262.32068
1228.3934	263.10291
1229.0978	265.0654
1229.8022	264.45609
1230.5066	270.24088
1231.2111	265.82211
1231.9155	270.72217
1232.6199	270.60947
1233.3243	269.28592
1234.0287	271.1716
1234.7332	268.49258
1235.4375	276.29202
1236.142	269.17514
1236.8464	272.42029
1237.5508	269.76407
1238.2552	268.44162
1238.9596	271.41141
1239.6641	271.86417
1240.3684	269.20358
1241.0729	267.07422
1241.7773	270.22183
1242.4817	275.25671
1243.1862	275.49014
1243.8905	272.26968
1244.595	268.06952
1245.2993	267.49188
1246.0038	273.16382
1246.7083	275.62912
1247.4126	275.15182
1248.1171	275.95706
1248.8214	277.53943
1249.5259	274.44345
1250.2303	270.69592
1250.9347	270.91086
1251.6392	275.59268
1252.3435	280.4068
1253.048	277.32074
1253.7523	276.31827
1254.4568	273.85849
1255.1613	265.42133
1255.8656	273.81198
1256.5701	281.99478
1257.2744	281.01337
1257.9789	279.91168
1258.6832	279.10138
1259.3877	278.6716
1260.0922	280.44687
1260.7965	281.73087
1261.501	279.02655
1262.2053	278.46231
1262.9098	284.85703
1263.6141	281.57837
1264.3186	279.07315
1265.0231	279.61716
1265.7274	285.98294
1266.4319	282.80246
1267.1362	280.40213
1267.8407	285.11441
1268.5452	287.05505
1269.2495	283.25842
1269.954	280.23447
1270.6583	278.771
1271.3628	280.18521
1272.0671	281.49127
1272.7716	282.18808
1273.4761	285.5372
1274.1804	290.01117
1274.8849	295.15338
1275.5892	286.52594
1276.2937	282.88599
1276.998	285.49393
1277.7025	286.93643
1278.407	287.91333
1279.1113	289.23608
1279.8158	287.57159
1280.5201	287.31238
1281.2246	287.68176
1281.9291	291.19498
1282.6334	286.98877
1283.3379	285.69342
1284.0422	295.72397
1284.7467	293.63513
1285.451	284.15372
1286.1555	288.54022
1286.86	287.8067
1287.5643	285.47833
1288.2688	292.57239
1288.9731	296.91806
1289.6776	297.06012
1290.382	291.07434
1291.0864	291.37912
1291.7909	300.5968
1292.4952	293.49588
1293.1997	297.92725
1293.9041	296.73801
1294.6085	295.13065
1295.3129	303.47833
1296.0173	305.43686
1296.7218	300.75687
1297.4261	293.25565
1298.1306	290.66611
1298.835	301.10776
1299.5394	306.05832
1300.2439	304.16415
1300.9482	297.50754
1301.6527	291.50214
1302.3571	304.76816
1303.0615	302.76868
1303.7659	312.61032
1304.4703	304.68356
1305.1748	300.64011
1305.8792	304.85562
1306.5836	307.9632
1307.288	305.09625
1307.9924	300.29648
1308.6968	300.72781
1309.4012	305.14594
1310.1057	305.44583
1310.8101	308.72372
1311.5145	310.32629
1312.2189	312.47134
1312.9233	302.67209
1313.6277	307.92276
1314.3322	307.94843
1315.0366	314.00851
1315.741	314.09906
1316.4454	310.24911
1317.1498	308.77176
1317.8542	310.26212
1318.5587	313.35004
1319.2631	310.46164
1319.9675	304.25357
1320.6719	313.63605
1321.3763	313.00668
1322.0807	318.6297
1322.7852	309.97327
1323.4896	308.79565
1324.194	309.6044
1324.8984	309.96747
1325.6028	314.04938
1326.3073	313.09421
1327.0116	315.60187
1327.7161	317.36819
1328.4205	308.31613
1329.1249	307.70874
1329.8293	322.12933
1330.5337	322.2059
1331.2382	324.55072
1331.9425	316.27255
1332.647	320.42886
1333.3514	313.25668
1334.0558	313.6058
1334.7603	320.53558
1335.4646	324.63568
1336.1691	320.56372
1336.8735	319.90778
1337.5779	324.21719
1338.2823	324.76529
1338.9867	326.6879
1339.6912	331.59387
1340.3955	319.84262
1341.1	315.40881
1341.8044	330.80371
1342.5088	330.66415
1343.2133	326.3363
1343.9176	324.58957
1344.6221	333.63382
1345.3264	324.87576
1346.0309	324.68121
1346.7354	328.20938
1347.4397	327.78275
1348.1442	325.10135
1348.8485	326.44873
1349.553	330.41415
1350.2573	329.58408
1350.9618	326.18231
1351.6663	325.91498
1352.3706	326.23132
1353.0751	338.99139
1353.7794	332.20346
1354.4839	325.18463
1355.1884	332.77008
1355.8927	327.25763
1356.5972	326.81161
1357.3015	331.83694
1358.006	332.39804
1358.7103	330.11697
1359.4148	328.70306
1360.1193	328.47733
1360.8236	325.16855
1361.5281	320.87112
1362.2324	327.90585
1362.9369	332.97519
1363.6412	331.05429
1364.3457	334.96017
1365.0502	324.32977
1365.7545	325.10922
1366.459	331.97516
1367.1633	335.0491
1367.8678	329.69864
1368.5721	326.67682
1369.2766	330.20718
1369.9811	332.15042
1370.6854	328.44171
1371.3899	327.67062
1372.0942	331.42612
1372.7987	330.17331
1373.5032	328.06366
1374.2075	334.88379
1374.912	336.89554
1375.6163	324.58423
1376.3208	326.19
1377.0251	323.47958
1377.7296	331.99509
1378.4341	329.78827
1379.1384	324.10336
1379.8429	326.81223
1380.5472	323.54776
1381.2517	321.60229
1381.9561	323.16516
1382.6605	326.93686
1383.365	327.45261
1384.0693	323.26065
1384.7738	324.39166
1385.4781	328.91409
1386.1826	328.83743
1386.887	325.20853
1387.5914	322.14005
1388.2959	323.94022
1389.0002	315.22513
1389.7047	328.23557
1390.4091	319.87094
1391.1135	318.36618
1391.818	326.24973
1392.5223	315.74973
1393.2268	317.2243
1393.9312	324.15814
1394.6356	325.81158
1395.34	324.86618
1396.0444	324.2225
1396.7489	322.25125
1397.4532	313.86969
1398.1577	320.43066
1398.8621	324.32104
1399.5665	316.93356
1400.2709	321.43454
1400.9753	316.43942
1401.6798	319.71701
1402.3842	313.81372
1403.0886	313.52841
1403.793	313.88391
1404.4974	316.3551
1405.2018	316.56851
1405.9063	314.40369
1406.6107	310.23831
1407.3151	309.51938
1408.0195	313.98492
1408.7239	314.21799
1409.4283	310.54456
1410.1328	313.27411
1410.8372	310.21094
1411.5416	305.81625
1412.246	306.57492
1412.9504	312.26144
1413.6548	305.97607
1414.3593	311.98199
1415.0637	309.65869
1415.7681	311.26132
1416.4725	304.64111
1417.1769	309.89011
1417.8813	311.08743
1418.5857	312.77771
1419.2902	312.89429
1419.9946	309.0321
1420.699	303.60449
1421.4034	302.36523
1422.1078	307.90018
1422.8123	308.63367
1423.5166	301.34906
1424.2211	303.44586
1424.9255	307.15857
1425.6299	302.76013
1426.3344	295.50836
1427.0387	298.45193
1427.7432	303.57208
1428.4476	303.46179
1429.152	300.99841
1429.8564	304.33566
1430.5608	299.79453
1431.2653	301.35571
1431.9696	299.60214
1432.6741	300.21936
1433.3785	302.00046
1434.0829	299.6799
1434.7874	294.6348
1435.4917	291.58539
1436.1962	294.85248
1436.9005	296.2157
1437.605	294.01178
1438.3094	295.15915
1439.0138	288.59625
1439.7183	282.95755
1440.4226	299.78061
1441.1271	299.36728
1441.8315	296.39661
1442.5359	290.98544
1443.2404	285.11887
1443.9447	294.2179
1444.6492	295.5831
1445.3535	294.26083
1446.058	290.57693
1446.7625	291.12708
1447.4668	291.21082
1448.1713	288.28024
1448.8756	284.82819
1449.5801	284.70639
1450.2844	293.80103
1450.9889	296.98929
1451.6934	285.44992
1452.3977	288.87253
1453.1022	290.94403
1453.8065	292.5307
1454.511	287.21423
1455.2153	301.26285
1455.9198	291.95258
1456.6243	286.15826
1457.3286	289.49368
1458.0331	288.06876
1458.7374	289.36978
1459.4419	287.90469
1460.1464	285.05637
1460.8507	287.67795
1461.5552	289.03879
1462.2595	285.52991
1462.964	281.46262
1463.6683	282.91635
1464.3728	287.31766
1465.0773	288.03973
1465.7816	289.41876
1466.4861	289.99149
1467.1904	289.59
1467.8949	287.65573
1468.5992	289.81754
1469.3037	285.84338
1470.0082	297.85995
1470.7125	284.41873
1471.417	287.16177
1472.1213	277.8219
1472.8258	287.36743
1473.5302	290.39294
1474.2346	282.90811
1474.9391	283.63147
1475.6434	281.53366
1476.3479	278.6189
1477.0522	279.45511
1477.7567	280.49634
1478.4612	281.87418
1479.1655	285.35846
1479.87	288.30762
1480.5743	288.65247
1481.2788	286.72305
1481.9832	284.73236
1482.6876	287.08957
1483.3921	289.09348
1484.0964	283.26239
1484.8009	284.48535
1485.5052	279.52209
1486.2097	280.46371
1486.9141	284.18747
1487.6185	276.71991
1488.323	272.3522
1489.0273	273.95303
1489.7318	283.67715
1490.4362	284.51129
1491.1406	277.35623
1491.845	280.26694
1492.5494	280.05182
1493.2539	282.15002
1493.9583	280.2243
1494.6627	278.27484
1495.3671	282.32233
1496.0715	280.07935
1496.776	276.46442
1497.4803	279.54593
1498.1848	278.69812
1498.8892	281.35748
1499.5936	277.26544
1500.298	284.25851
1501.0024	283.08115
1501.7069	288.27661
1502.4113	291.69095
1503.1157	292.94293
1503.8201	283.72256
1504.5245	279.35864
1505.2289	279.76434
1505.9333	283.47427
1506.6378	290.32471
1507.3422	277.56024
1508.0466	280.09967
1508.751	275.92419
1509.4554	277.27725
1510.1598	283.07852
1510.8643	281.07388
1511.5687	281.17789
1512.2731	284.88083
1512.9775	285.58096
1513.6819	285.14868
1514.3864	284.88394
1515.0908	285.1257
1515.7952	283.23141
1516.4996	280.18137
1517.204	286.96262
1517.9084	281.20462
1518.6128	288.74097
1519.3173	290.65143
1520.0217	284.60663
1520.7261	282.46954
1521.4305	286.19974
1522.1349	287.72116
1522.8394	288.20615
1523.5437	283.32971
1524.2482	289.01678
1524.9526	289.90063
1525.657	290.35141
1526.3615	291.2326
1527.0658	295.12451
1527.7703	290.70267
1528.4746	289.12906
1529.1791	294.01666
1529.8835	293.70819
1530.5879	290.53455
1531.2924	292.61505
1531.9967	290.64917
1532.7012	286.1651
1533.4056	290.32907
1534.11	295.19427
1534.8145	295.13672
1535.5188	297.1839
1536.2233	297.3533
1536.9276	288.62036
1537.6321	285.26221
1538.3365	290.40637
1539.0409	293.80988
1539.7454	292.36102
1540.4497	290.39484
1541.1542	295.55774
1541.8585	283.69983
1542.563	290.70581
1543.2675	298.71384
1543.9718	296.50372
1544.6763	295.17273
1545.3806	296.61703
1546.0851	299.64432
1546.7894	300.61142
1547.4939	302.75693
1548.1984	306.29822
1548.9027	303.48938
1549.6072	308.25009
1550.3115	310.54947
1551.016	305.17014
1551.7205	303.63254
1552.4248	308.36215
1553.1293	307.42554
1553.8336	306.80664
1554.5381	312.96362
1555.2424	313.53122
1555.9469	310.40494
1556.6514	309.76254
1557.3557	308.69199
1558.0602	311.73312
1558.7645	311.67392
1559.469	313.5791
1560.1733	313.07745
1560.8778	316.58243
1561.5823	309.31812
1562.2866	308.56097
1562.9911	309.63507
1563.6954	315.76434
1564.3999	323.51056
1565.1042	318.82474
1565.8087	320.23135
1566.5132	320.11395
1567.2175	317.79443
1567.922	320.05557
1568.6263	318.37979
1569.3308	319.71747
1570.0353	312.12646
1570.7396	326.67978
1571.4441	328.69009
1572.1484	320.77682
1572.8529	319.83972
1573.5573	320.97775
1574.2617	322.32751
1574.9662	316.63736
1575.6705	323.14423
1576.375	332.73422
1577.0793	328.67877
1577.7838	328.70688
1578.4882	331.51025
1579.1926	330.98297
1579.8971	333.10309
1580.6014	333.07001
1581.3059	335.94946
1582.0103	334.85242
1582.7147	333.79596
1583.4191	335.91183
1584.1235	336.12808
1584.828	333.24478
1585.5323	337.9614
1586.2368	334.35046
1586.9412	334.94687
1587.6456	340.90173
1588.3501	350.26953
1589.0544	346.57611
1589.7589	335.89142
1590.4633	341.61499
1591.1677	345.0744
1591.8721	327.47702
1592.5765	342.08621
1593.281	342.70691
1593.9854	340.18872
1594.6898	346.14954
1595.3942	334.42178
1596.0986	338.94287
1596.803	339.01941
1597.5074	337.34323
1598.2119	337.56491
1598.9163	340.78299
1599.6207	338.72943
1600.3251	337.64194
1601.0295	342.82449
1601.7339	341.77249
1602.4384	343.41324
1603.1428	347.38922
1603.8472	343.43466
1604.5516	343.12509
1605.256	341.37323
1605.9604	342.16293
1606.6649	344.05771
1607.3693	338.2337
1608.0737	338.81186
1608.7781	338.0401
1609.4825	334.43207
1610.1869	338.79953
1610.8914	339.20966
1611.5958	334.11127
1612.3002	337.12329
1613.0046	334.83646
1613.709	334.23502
1614.4135	327.36624
1615.1178	329.6929
1615.8223	326.45728
1616.5267	329.00708
1617.2311	324.14484
1617.9355	321.08459
1618.6399	325.80792
1619.3444	312.64728
1620.0488	316.99332
1620.7532	325.08325
1621.4576	322.74249
1622.162	315.02823
1622.8665	306.58487
1623.5708	325.40582
1624.2753	307.72131
1624.9797	313.29254
1625.6841	314.37601
1626.3885	309.79752
1627.0929	307.61829
1627.7974	304.81647
1628.5017	292.2485
1629.2062	295.37714
1629.9106	300.1297
1630.615	291.18207
1631.3195	296.34445
1632.0238	295.55154
1632.7283	298.34256
1633.4326	292.13257
1634.1371	291.05078
1634.8416	294.07611
1635.5459	292.40433
1636.2504	288.85031
1636.9547	286.25598
1637.6592	283.30704
1638.3636	284.27484
1639.068	284.91214
1639.7725	281.34088
1640.4768	280.51306
1641.1813	280.11807
1641.8856	277.53525
1642.5901	277.87253
1643.2946	277.24884
1643.9989	275.65512
1644.7034	270.74799
1645.4077	265.92273
1646.1122	269.4603
1646.8165	269.40286
1647.521	267.7977
1648.2255	264.74811
1648.9298	263.57318
1649.6343	262.22662
1650.3386	261.77405
1651.0431	262.99557
1651.7474	261.30634
1652.4519	260.78864
1653.1564	259.28549
1653.8607	251.80501
1654.5652	260.23099
1655.2695	260.65518
1655.974	254.98434
1656.6785	252.59705
1657.3828	259.1069
1658.0873	250.29262
1658.7916	252.34093
1659.4961	255.92197
1660.2004	247.39439
1660.9049	256.88773
1661.6094	253.11359
1662.3137	253.60022
1663.0182	246.95409
1663.7225	246.23558
1664.427	244.38893
1665.1313	238.93242
1665.8358	242.9043
1666.5403	244.29106
1667.2446	243.81747
1667.9491	241.15698
1668.6534	237.68022
1669.3579	249.76691
1670.0623	239.3177
1670.7667	241.26006
1671.4712	243.23375
1672.1755	236.50513
1672.88	237.07938
1673.5844	240.36827
1674.2888	240.07457
1674.9933	238.60963
1675.6976	240.91641
1676.4021	237.23529
1677.1064	240.85248
1677.8109	243.02005
1678.5153	234.18542
1679.2197	235.10973
1679.9242	232.54234
1680.6285	235.19591
1681.333	231.61723
1682.0374	227.24632
1682.7418	233.49577
1683.4462	234.14337
1684.1506	230.08794
1684.8551	229.5706
1685.5594	225.67192
1686.2639	231.69875
1686.9683	232.87196
1687.6727	230.40401
1688.3771	236.22676
1689.0815	231.97878
1689.786	229.29131
1690.4904	224.53746
1691.1948	227.9006
1691.8992	229.64993
1692.6036	226.46742
1693.3081	230.14944
1694.0125	227.82809
1694.7169	224.53406
1695.4213	220.30617
1696.1257	223.57841
1696.8301	221.19946
1697.5345	224.41884
1698.239	228.50281
1698.9434	228.61787
1699.6478	226.72745
1700.3522	224.32655
1701.0566	223.08838
1701.761	224.47256
1702.4655	225.11511
1703.1699	220.92349
1703.8743	223.51117
1704.5787	225.7084
1705.2831	223.73573
1705.9875	223.13124
1706.6919	217.74417
1707.3964	219.46617
1708.1008	220.7876
1708.8052	221.12354
1709.5096	222.74326
1710.214	223.13873
1710.9185	220.42259
1711.6229	220.90103
1712.3273	219.08557
1713.0317	214.6823
1713.7361	219.48625
1714.4406	219.21494
1715.1449	220.05209
1715.8494	217.5154
1716.5538	214.43965
1717.2582	220.51602
1717.9626	218.12987
1718.667	213.84145
1719.3715	216.62584
1720.0758	219.45219
1720.7803	215.64247
1721.4847	211.67789
1722.1891	212.84355
1722.8936	212.90262
1723.5979	213.66356
1724.3024	212.53256
1725.0067	211.5687
1725.7112	211.86037
1726.4156	210.73508
1727.12	212.39085
1727.8245	212.67651
1728.5288	214.17299
1729.2333	210.55833
1729.9377	211.1151
1730.6421	215.17036
1731.3466	210.57962
1732.0509	209.5177
1732.7554	211.0865
1733.4597	211.92563
1734.1642	212.00581
1734.8687	209.72707
1735.573	210.06905
1736.2775	213.5849
1736.9818	211.55322
1737.6863	209.56705
1738.3906	207.72293
1739.0951	206.71809
1739.7996	203.18796
1740.5039	202.29021
1741.2084	203.46611
1741.9127	208.34091
1742.6172	211.37326
1743.3215	210.75578
1744.026	211.7711
1744.7305	212.35706
1745.4348	212.73802
1746.1393	206.62672
1746.8436	207.14371
1747.5481	214.42065
1748.2526	210.6207
1748.9569	207.89999
1749.6614	209.21494
1750.3657	208.46211
1751.0702	207.8987
1751.7745	208.02898
1752.479	213.18222
1753.1835	211.91142
1753.8878	207.49803
1754.5923	208.06526
1755.2966	206.03673
1756.0011	209.52029
1756.7054	211.95183
1757.4099	209.25656
1758.1144	206.54398
1758.8187	207.11223
1759.5232	209.92961
1760.2275	208.11128
1760.932	207.12575
1761.6364	210.41615
1762.3408	209.08212
1763.0453	208.31223
1763.7496	209.89691
1764.4541	205.00513
1765.1584	208.45068
1765.8629	213.00052
1766.5674	204.71857
1767.2717	204.23058
1767.9762	205.71696
1768.6805	204.24098
1769.385	207.39871
1770.0894	208.17235
1770.7938	208.61302
1771.4983	203.82784
1772.2026	201.582
1772.9071	204.44696
1773.6115	205.24631
1774.3159	198.64261
1775.0203	205.89803
1775.7247	207.88551
1776.4292	204.22163
1777.1335	201.4794
1777.838	203.71613
1778.5424	203.30804
1779.2468	205.88499
1779.9512	204.51443
1780.6556	205.94559
1781.3601	212.76765
1782.0645	207.10152
1782.7689	205.82832
1783.4733	205.87598
1784.1777	208.10515
1784.8822	206.15939
1785.5865	207.38605
1786.291	204.94479
1786.9954	205.34688
1787.6998	206.23241
1788.4042	205.76382
1789.1086	210.27374
1789.8131	201.6521
1790.5175	203.19783
1791.2219	206.03062
1791.9263	202.06622
1792.6307	205.85506
1793.3351	201.82227
1794.0396	201.29935
1794.744	205.20622
1795.4484	212.71017
1796.1528	209.98273
1796.8572	204.57852
1797.5616	196.59045
1798.2661	205.57816
1798.9705	205.67879
1799.6749	203.65878
1800.3793	206.24228
1801.0837	204.40831
1801.7881	202.51067
1802.4926	206.30429
1803.197	199.66125
1803.9014	210.08908
1804.6058	203.29099
1805.3102	208.89061
1806.0146	206.15491
1806.719	199.85168
1807.4235	200.79021
1808.1279	211.91649
1808.8323	205.37024
1809.5367	203.16919
1810.2411	206.05206
1810.9456	208.01579
1811.6499	205.07428
1812.3544	202.60616
1813.0588	209.11261
1813.7632	201.04643
1814.4677	201.14941
1815.172	205.37013
1815.8765	203.05072
1816.5809	203.13057
1817.2853	204.10919
1817.9897	204.19167
1818.6941	202.96054
1819.3986	206.47803
1820.1029	206.04364
1820.8074	200.58421
1821.5118	202.80318
1822.2162	202.08133
1822.9207	200.45137
1823.625	200.86798
1824.3295	202.02254
1825.0338	201.39841
1825.7383	201.69933
1826.4427	203.27815
1827.1471	201.09737
1827.8516	200.99242
1828.5559	201.78293
1829.2604	203.96152
1829.9647	201.4321
1830.6692	198.58887
1831.3737	202.03986
1832.078	199.6871
1832.7825	203.07187
1833.4868	204.89502
1834.1913	201.15221
1834.8958	200.56415
1835.6001	206.03346
1836.3046	204.21901
1837.0089	203.50525
1837.7134	201.51851
1838.4177	199.19984
1839.1222	205.13458
1839.8267	199.50316
1840.531	198.49977
1841.2355	202.18195
1841.9398	200.51685
1842.6443	205.01585
1843.3486	204.59621
1844.0531	205.98512
1844.7576	205.58722
1845.4619	205.46817
1846.1664	204.51648
1846.8707	203.55602
1847.5752	202.48586
1848.2795	201.3656
1848.984	202.60846
1849.6885	202.49222
1850.3928	201.58473
1851.0973	201.58162
1851.8016	202.20221
1852.5061	201.65608
1853.2106	202.16016
1853.9149	203.80655
1854.6194	203.75732
1855.3237	200.65392
1856.0282	200.79756
1856.7325	202.98358
1857.437	202.80331
1858.1415	200.21193
1858.8458	200.72676
1859.5503	201.77176
1860.2546	201.19878
1860.9591	197.90829
1861.6635	199.40407
1862.3679	201.46407
1863.0724	198.93674
1863.7767	201.37495
1864.4812	201.7238
1865.1855	200.15735
1865.89	199.37283
1866.5944	200.9756
1867.2988	201.80452
1868.0033	200.85713
1868.7076	199.43027
1869.4121	202.70787
1870.1165	204.17171
1870.8209	201.1076
1871.5254	201.90164
1872.2297	204.3221
1872.9342	204.72197
1873.6385	198.27522
1874.343	200.47208
1875.0474	203.11424
1875.7518	200.24208
1876.4563	201.32224
1877.1606	200.66101
1877.8651	203.47459
1878.5695	201.97484
1879.2739	201.85669
1879.9783	201.31453
1880.6827	198.40587
1881.3872	198.32947
1882.0916	199.31088
1882.796	200.51924
1883.5004	197.44951
1884.2048	199.17772
1884.9092	201.57852
1885.6136	200.69191
1886.3181	203.62808
1887.0225	203.85655
1887.7269	200.95932
1888.4313	201.62944
1889.1357	204.32967
1889.8402	202.49461
1890.5446	205.35782
1891.249	203.40143
1891.9534	202.87082
1892.6578	200.3026
1893.3622	200.47255
1894.0667	208.15816
1894.7711	206.73958
1895.4755	204.49312
1896.1799	207.27898
1896.8843	199.33385
1897.5887	201.29327
1898.2931	196.43378
1898.9976	196.45946
1899.702	207.08287
1900.4064	201.82329
1901.1108	203.80663
1901.8152	202.03975
1902.5197	200.54347
1903.224	203.40746
1903.9285	200.59131
1904.6329	204.03093
1905.3373	202.27428
1906.0417	199.84886
1906.7461	200.86168
1907.4506	204.73814
1908.155	201.71049
1908.8594	202.00963
1909.5638	202.17311
1910.2682	205.41301
1910.9727	203.77156
1911.677	197.0282
1912.3815	194.53287
1913.0859	197.08499
1913.7903	202.20477
1914.4948	199.85199
1915.1991	199.62624
1915.9036	201.44052
1916.6079	202.09392
1917.3124	200.16522
1918.0168	195.9279
1918.7212	196.8744
1919.4257	201.88077
1920.13	202.00781
1920.8345	204.58533
1921.5388	205.15608
1922.2433	202.60838
1922.9478	205.47362
1923.6521	206.91132
1924.3566	204.39195
1925.0609	204.55367
1925.7654	201.70412
1926.4698	205.25861
1927.1742	205.67119
1927.8787	205.88147
1928.583	205.47398
1929.2875	204.24832
1929.9918	201.98082
1930.6963	201.30148
1931.4008	202.3506
1932.1051	206.07854
1932.8096	197.89629
1933.5139	195.9532
1934.2184	205.72847
1934.9227	199.39687
1935.6272	201.28069
1936.3317	208.5107
1937.036	207.42833
1937.7405	201.66628
1938.4448	204.94769
1939.1493	194.11311
1939.8536	200.02687
1940.5581	202.46057
1941.2626	202.98271
1941.9669	203.01028
1942.6714	203.56918
1943.3757	199.89859
1944.0802	201.43231
1944.7847	212.36012
1945.489	204.97552
1946.1935	196.82254
1946.8978	203.13379
1947.6023	204.56973
1948.3066	202.75333
1949.0111	199.19476
1949.7156	198.77679
1950.4199	200.78217
1951.1244	198.68771
1951.8287	203.40811
1952.5332	207.59683
1953.2375	201.88979
1953.942	206.62494
1954.6465	204.80872
1955.3508	200.77696
1956.0553	203.79335
1956.7596	203.53035
1957.4641	205.58926
1958.1685	208.21416
1958.8729	205.40872
1959.5774	203.54114
1960.2817	203.99272
1960.9862	205.25529
1961.6906	201.49411
1962.395	201.37321
1963.0995	205.29698
1963.8038	203.69666
1964.5083	205.2074
1965.2126	205.50122
1965.9171	205.00441
1966.6215	199.27011
1967.3259	200.70261
1968.0304	199.30273
1968.7347	203.21252
1969.4392	205.00685
1970.1436	209.09201
1970.848	202.44711
1971.5524	202.72133
1972.2568	204.40826
1972.9613	203.18732
1973.6656	205.0609
1974.3701	206.36501
1975.0745	201.70987
1975.7789	203.16013
1976.4834	197.82846
1977.1877	204.70639
1977.8922	204.40271
1978.5966	196.8734
1979.301	202.95656
1980.0054	203.8356
1980.7098	198.6553
1981.4143	198.35312
1982.1187	204.17258
1982.8231	204.46362
1983.5275	200.26421
1984.2319	199.42996
1984.9363	201.61156
1985.6407	206.5385
1986.3452	200.94299
1987.0496	202.01323
1987.754	205.89009
1988.4584	197.57523
1989.1628	204.53497
1989.8672	203.12216
1990.5717	201.26428
1991.2761	194.08516
1991.9805	200.1718
1992.6849	203.06126
1993.3893	203.75932
1994.0938	207.34155
1994.7982	199.24869
1995.5026	195.76013
1996.207	197.76083
1996.9114	205.78085
1997.6158	203.79456
1998.3202	199.19727
1999.0247	201.08983
1999.7291	197.188
2000.4335	203.60828
2001.1379	205.93559
2001.8423	198.49841
2002.5468	204.04042
2003.2511	202.41986
2003.9556	200.59012
2004.66	202.10847
2005.3644	205.6651
2006.0688	202.17555
2006.7732	201.98462
2007.4777	203.18332
2008.182	205.38007
2008.8865	204.35144
2009.5909	202.45313
2010.2953	201.7345
2010.9998	200.79277
2011.7041	199.16626
2012.4086	201.52328
2013.113	204.3317
2013.8174	201.89812
2014.5219	204.88979
2015.2262	200.10909
2015.9307	204.51424
2016.635	197.08754
2017.3395	200.59317
2018.0439	200.7699
2018.7483	199.38191
2019.4528	200.8037
2020.1571	208.05284
2020.8616	202.07019
2021.5659	206.50687
2022.2704	197.61838
2022.9749	200.46028
2023.6792	201.16791
2024.3837	209.17755
2025.088	206.01607
2025.7925	206.26169
2026.4968	207.39728
2027.2013	202.04369
2027.9058	198.90005
2028.6101	196.20586
2029.3146	205.15327
2030.0189	208.6308
2030.7234	203.77821
2031.4279	202.31291
2032.1322	201.63545
2032.8367	204.04402
2033.541	201.92033
2034.2455	204.70876
2034.9498	202.6312
2035.6543	203.09798
2036.3588	206.40877
2037.0631	206.2251
2037.7676	199.72787
2038.4719	201.46837
2039.1764	205.77908
2039.8807	199.64584
2040.5852	200.05499
2041.2897	204.05498
2041.994	197.05176
2042.6985	200.26083
2043.4028	201.59558
2044.1073	197.76462
2044.8116	202.03453
2045.5161	203.16042
2046.2206	205.30911
2046.9249	206.02913
2047.6294	201.39685
2048.3337	197.90158
2049.0381	197.46822
2049.7427	204.57993
2050.447	210.14558
2051.1514	205.86473
2051.856	202.30312
2052.5603	206.52512
2053.2646	210.73895
2053.969	202.82243
2054.6736	201.27342
2055.3779	204.33109
2056.0823	204.61882
2056.7869	199.18362
2057.4912	205.16838
2058.1956	202.1689
2058.9001	200.64853
2059.6045	208.35042
2060.3088	202.32578
2061.0132	207.34319
2061.7178	200.08994
2062.4221	200.00998
2063.1265	198.45824
2063.8311	201.291
2064.5354	205.08397
2065.2397	203.54727
2065.9441	202.56837
2066.6487	202.64761
2067.353	199.65448
2068.0574	200.14871
2068.762	201.32721
2069.4663	201.06676
2070.1707	195.36
2070.875	199.21429
2071.5796	203.53537
2072.2839	207.16403
2072.9883	205.87531
2073.6929	203.17476
2074.3972	196.97878
2075.1016	200.48546
2075.8059	205.39539
2076.5105	199.38631
2077.2148	195.1347
2077.9192	196.88872
2078.6238	197.25386
2079.3281	200.72548
2080.0325	203.22305
2080.7368	204.27824
2081.4414	203.84581
2082.1458	204.0098
2082.8501	205.74883
2083.5547	203.82919
2084.259	203.58841
2084.9634	204.75206
2085.6677	198.57283
2086.3723	197.77359
2087.0767	200.90849
2087.781	198.61568
2088.4856	197.19975
2089.1899	198.89706
2089.8943	205.15424
2090.5986	203.3022
2091.3032	201.06908
2092.0076	198.70903
2092.7119	195.51303
2093.4165	198.82719
2094.1208	199.40509
2094.8252	196.62698
2095.5298	197.43486
2096.2341	201.86075
2096.9385	203.7547
2097.6428	203.18747
2098.3474	201.89355
2099.0518	203.43088
2099.7561	199.85068
2100.4607	197.3951
2101.165	200.53944
2101.8694	202.54678
2102.5737	197.00426
2103.2783	201.56842
2103.9827	198.69008
2104.687	203.37334
2105.3916	200.20871
2106.0959	200.13242
2106.8003	193.63432
2107.5046	198.72067
2108.2092	198.91191
2108.9136	191.96056
2109.6179	195.51843
2110.3225	198.46574
2111.0269	197.69717
2111.7312	196.33749
2112.4355	198.22298
2113.1401	198.00021
2113.8445	201.56885
2114.5488	199.43498
2115.2534	198.51796
2115.9578	195.40128
2116.6621	198.25156
2117.3665	197.99963
2118.071	194.03734
2118.7754	193.87233
2119.4797	193.75429
2120.1843	196.28253
2120.8887	204.87885
2121.593	196.62639
2122.2974	196.35597
2123.002	202.8511
2123.7063	200.75375
2124.4106	198.67447
2125.1152	199.51353
2125.8196	198.50073
2126.5239	198.42513
2127.2283	198.34169
2127.9329	194.87091
2128.6372	198.55438
2129.3416	197.7038
2130.0461	199.06662
2130.7505	197.11713
2131.4548	203.23761
2132.1594	201.88092
2132.8638	203.27051
2133.5681	195.34621
2134.2725	199.08463
2134.9771	200.66585
2135.6814	202.75745
2136.3857	203.43951
2137.0903	202.84448
2137.7947	202.58945
2138.499	199.97285
2139.2034	198.26065
2139.908	194.07188
2140.6123	194.26244
2141.3167	202.4157
2142.0212	199.47087
2142.7256	197.11227
2143.4299	200.20924
2144.1343	196.20248
2144.8389	202.95381
2145.5432	203.13333
2146.2476	202.84659
2146.9521	200.46384
2147.6565	200.58002
2148.3608	202.81975
2149.0652	198.28622
2149.7698	191.5186
2150.4741	192.8327
2151.1785	197.1857
2151.8831	197.53343
2152.5874	200.14375
2153.2917	198.01747
2153.9961	196.45935
2154.7007	202.35583
2155.405	203.79181
2156.1094	200.62331
2156.814	209.84084
2157.5183	196.48589
2158.2227	194.70523
2158.927	196.59395
2159.6316	195.82013
2160.3359	197.2606
2161.0403	199.74632
2161.7449	199.53023
2162.4492	199.55206
2163.1536	199.43362
2163.8582	197.61966
2164.5625	203.74771
2165.2668	203.73911
2165.9712	198.38376
2166.6758	192.28767
2167.3801	199.3049
2168.0845	197.95044
2168.7891	202.04819
2169.4934	199.44139
2170.1978	197.42268
2170.9021	199.01384
2171.6067	199.24193
2172.311	197.50014
2173.0154	199.07066
2173.72	202.79237
2174.4243	202.29108
2175.1287	201.9381
2175.833	201.9416
2176.5376	205.10963
2177.2419	199.54332
2177.9463	200.89412
2178.6509	197.80598
2179.3552	195.77478
2180.0596	202.90407
2180.7639	206.04591
2181.4685	199.91624
2182.1729	198.18346
2182.8772	193.74228
2183.5818	195.23309
2184.2861	197.03734
2184.9905	199.0434
2185.6948	199.84537
2186.3994	197.84814
2187.1038	199.56194
2187.8081	204.31618
2188.5127	203.22253
2189.217	192.47989
2189.9214	203.14764
2190.6257	201.59996
2191.3303	195.49001
2192.0347	194.26392
2192.739	197.92
2193.4436	199.51563
2194.1479	200.15265
2194.8523	200.5265
2195.5566	199.57881
2196.2612	197.19508
2196.9656	203.52791
2197.6699	202.99625
2198.3745	205.2585
2199.0789	202.52399
2199.7832	200.43942
2200.4878	197.73656
2201.1921	198.16992
2201.8965	202.78928
2202.6008	197.38637
2203.3054	201.74631
2204.0098	201.64716
2204.7141	202.13095
2205.4187	204.8766
2206.123	204.62027
2206.8274	202.65196
2207.5317	198.1855
2208.2363	201.01552
2208.9407	199.3513
2209.645	204.6331
2210.3496	202.21001
2211.054	195.84496
2211.7583	198.33725
2212.4626	197.3445
2213.1672	198.3739
2213.8716	195.61694
2214.5759	201.08347
2215.2805	201.93556
2215.9849	199.18016
2216.6892	195.62375
2217.3936	196.5713
2218.0981	194.55704
2218.8025	193.91776
2219.5068	195.44478
2220.2114	201.24797
2220.9158	194.23662
2221.6201	199.48264
2222.3245	196.10098
2223.0291	194.99167
2223.7334	198.62294
2224.4377	198.01482
2225.1423	196.078
2225.8467	199.53299
2226.551	197.65172
2227.2554	198.52242
2227.96	196.43521
2228.6643	194.34958
2229.3687	197.79927
2230.0732	199.66368
2230.7776	197.43002
2231.4819	197.44608
2232.1863	195.98314
2232.8909	197.20686
2233.5952	197.00958
2234.2996	199.28125
2235.0042	198.95831
2235.7085	196.47475
2236.4128	201.28828
2237.1174	197.30284
2237.8218	197.65762
2238.5261	197.74551
2239.2305	198.13239
2239.9351	200.52007
2240.6394	193.59375
2241.3438	196.74374
2242.0483	198.38692
2242.7527	202.9073
2243.457	200.06712
2244.1614	198.5627
2244.866	199.26112
2245.5703	199.3087
2246.2747	198.34439
2246.9792	194.49849
2247.6836	199.21796
2248.3879	197.84457
2249.0923	199.25517
2249.7969	196.7151
2250.5012	201.10196
2251.2056	201.78673
2251.9102	198.70493
2252.6145	198.4198
2253.3188	197.17909
2254.0232	196.75726
2254.7278	197.80074
2255.4321	197.57527
2256.1365	197.65591
2256.8411	191.34801
2257.5454	195.23592
2258.2498	198.29446
2258.9541	195.502
2259.6587	198.82578
2260.363	193.80237
2261.0674	191.54634
2261.772	194.01657
2262.4763	196.69017
2263.1807	201.98642
2263.885	197.62068
2264.5896	197.1037
2265.2939	191.40767
2265.9983	199.67252
2266.7029	192.73796
2267.4072	195.37575
2268.1116	198.00121
2268.8159	197.8569
2269.5205	197.80807
2270.2249	202.49861
2270.9292	198.04305
2271.6338	197.43961
2272.3381	199.52435
2273.0425	198.22675
2273.7471	197.86282
2274.4514	198.34712
2275.1558	190.64622
2275.8601	195.67027
2276.5647	196.06427
2277.269	193.03439
2277.9734	193.76056
2278.678	196.60556
2279.3823	198.78546
2280.0867	193.84286
2280.791	192.16382
2281.4956	202.32828
2282.2	201.7074
2282.9043	191.01003
2283.6089	201.52713
2284.3132	199.04219
2285.0176	197.05292
2285.7219	197.88884
2286.4265	199.54903
2287.1309	199.56842
2287.8352	200.53651
2288.5398	201.74295
2289.2441	199.71223
2289.9485	195.19502
2290.6528	193.95462
2291.3574	189.7484
2292.0618	196.66014
2292.7661	198.09583
2293.4707	193.96942
2294.175	195.60873
2294.8794	191.66792
2295.5837	193.61461
2296.2883	195.94476
2296.9927	197.92825
2297.697	203.89653
2298.4016	192.92619
2299.106	195.63799
2299.8103	198.42143
2300.5146	201.21535
2301.2192	198.73875
2301.9236	199.63048
2302.6279	198.91867
2303.3325	198.63025
2304.0369	198.85367
2304.7412	193.36435
2305.4456	193.56689
2306.1501	197.99118
2306.8545	196.58525
2307.5588	202.552
2308.2634	197.3515
2308.9678	196.59448
2309.6721	197.64531
2310.3767	193.01466
2311.0811	193.20755
2311.7854	195.11235
2312.4897	194.8291
2313.1943	196.55684
2313.8987	196.10788
2314.603	195.88116
2315.3076	201.41861
2316.012	196.65036
2316.7163	199.67221
2317.4207	197.31339
2318.1252	199.59766
2318.8296	196.6781
2319.5339	191.71773
2320.2385	196.47577
2320.9429	198.34413
2321.6472	191.87891
2322.3516	194.24191
2323.0562	201.24248
2323.7605	194.57935
2324.4648	199.95987
2325.1694	193.60385
2325.8738	196.20386
2326.5781	198.92976
2327.2825	202.10023
2327.9871	200.73303
2328.6914	201.40494
2329.3958	209.2345
2330.1003	211.21013
2330.8047	222.08121
2331.509	226.85977
2332.2134	225.06586
2332.918	214.24414
2333.6223	204.08765
2334.3267	201.38689
2335.0313	201.69313
2335.7356	198.93581
2336.4399	192.75351
2337.1443	197.81627
2337.8489	194.71553
2338.5532	192.86737
2339.2576	196.98566
2339.9622	200.05731
2340.6665	198.46333
2341.3708	197.27098
2342.0754	197.97827
2342.7798	199.69772
2343.4841	200.20471
2344.1885	194.75681
2344.8931	193.73041
2345.5974	195.12682
2346.3018	197.5097
2347.0063	199.70944
2347.7107	198.51656
2348.415	195.45546
2349.1194	190.86711
2349.824	192.09164
2350.5283	199.07687
2351.2327	193.08357
2351.9373	201.38321
2352.6416	195.57988
2353.3459	194.13748
2354.0503	194.93213
2354.7549	196.2171
2355.4592	197.37666
2356.1636	196.2308
2356.8682	194.16658
2357.5725	190.42087
2358.2769	198.51826
2358.9812	204.94942
2359.6858	199.46082
2360.3901	203.57962
2361.0945	199.89873
2361.7991	200.00012
2362.5034	197.01228
2363.2078	198.31819
2363.9121	198.29729
2364.6167	204.59903
2365.321	206.27512
2366.0254	195.59315
2366.73	189.28548
2367.4343	196.16943
2368.1387	194.26289
2368.843	193.97108
2369.5476	199.92628
2370.252	199.16386
2370.9563	197.81781
2371.6609	200.2897
2372.3652	199.73151
2373.0696	201.56578
2373.7739	195.06595
2374.4785	195.81232
2375.1829	199.10596
2375.8872	195.87999
2376.5918	191.68657
2377.2961	194.04707
2378.0005	190.49916
2378.7051	196.57599
2379.4094	194.79745
2380.1138	196.58836
2380.8181	201.57259
2381.5227	201.1916
2382.2271	201.99695
2382.9314	199.34399
2383.636	194.27129
2384.3403	198.03912
2385.0447	194.35031
2385.749	196.99722
2386.4536	196.31406
2387.158	199.91257
2387.8623	194.10217
2388.5669	193.76956
2389.2712	194.74925
2389.9756	197.01337
2390.6799	198.67641
2391.3845	197.36327
2392.0889	201.36684
2392.7932	197.08788
2393.4978	194.40276
2394.2021	197.50539
2394.9065	194.04037
2395.6108	197.34023
2396.3154	199.11612
2397.0198	195.42082
2397.7241	194.1666
2398.4287	192.56628
2399.1331	194.32532
2399.8374	189.44936
2400.5417	192.68851
2401.2463	197.6613
2401.9507	195.68236
2402.655	197.86549
2403.3596	197.01553
2404.064	189.07246
2404.7683	190.46304
2405.4727	194.02631
2406.1772	196.87201
2406.8816	198.98517
2407.5859	198.15027
2408.2905	198.56966
2408.9949	199.54262
2409.6992	194.19777
2410.4036	194.82857
2411.1082	200.63783
2411.8125	197.41698
2412.5168	191.96419
2413.2214	193.86609
2413.9258	197.01425
2414.6301	199.09557
2415.3347	192.41371
2416.0391	197.80762
2416.7434	192.13142
2417.4478	192.91505
2418.1523	195.7126
2418.8567	193.18555
2419.561	198.05125
2420.2656	196.90031
2420.97	196.07582
2421.6743	192.10646
2422.3787	198.33522
2423.0833	203.64111
2423.7876	197.04286
2424.4919	195.12523
2425.1965	197.43837
2425.9009	195.33362
2426.6052	193.91661
2427.3096	194.71204
2428.0142	199.41922
2428.7185	197.96478
2429.4229	194.8027
2430.1274	195.20045
2430.8318	194.48343
2431.5361	198.10027
2432.2405	195.77792
2432.9451	196.20476
2433.6494	196.56783
2434.3538	195.72809
2435.0583	193.94853
2435.7627	196.11008
2436.467	194.79454
2437.1714	197.93007
2437.876	194.27567
2438.5803	196.04391
2439.2847	194.68384
2439.9893	192.60318
2440.6936	192.72301
2441.3979	197.67557
2442.1023	192.84766
2442.8069	196.60452
2443.5112	195.68317
2444.2156	194.96228
2444.9202	196.4259
2445.6245	192.45685
2446.3289	195.15747
2447.0332	197.46886
2447.7378	197.00787
2448.4421	197.06477
2449.1465	195.52318
2449.8511	191.73239
2450.5554	195.01025
2451.2598	193.20372
2451.9644	195.41386
2452.6687	193.76944
2453.373	195.01657
2454.0774	193.79095
2454.782	192.22282
2455.4863	192.43202
2456.1907	191.79214
2456.8953	194.29654
2457.5996	192.97768
2458.304	196.86797
2459.0083	191.99251
2459.7129	196.20372
2460.4172	196.22847
2461.1216	194.40085
2461.8262	195.29144
2462.5305	191.41338
2463.2349	194.68314
2463.9392	195.5905
2464.6438	191.99757
2465.3481	196.4144
2466.0525	193.496
2466.7571	194.06265
2467.4614	193.17966
2468.1658	197.50877
2468.8701	196.40536
2469.5747	196.42413
2470.2791	190.30469
2470.9834	192.03804
2471.688	197.83582
2472.3923	193.63702
2473.0967	197.50339
2473.801	194.64615
2474.5056	195.25801
2475.21	195.28493
2475.9143	189.02776
2476.6189	194.35651
2477.3232	197.08229
2478.0276	197.26826
2478.7319	193.92215
2479.4365	197.78683
2480.1409	199.86031
2480.8452	195.14061
2481.5498	196.90813
2482.2542	191.68523
2482.9585	193.59499
2483.6631	193.33232
2484.3674	188.0218
2485.0718	192.58815
2485.7761	199.70329
2486.4807	200.34383
2487.1851	197.57573
2487.8894	195.45523
2488.594	197.72437
2489.2983	198.97299
2490.0027	194.51764
2490.707	193.19272
2491.4116	195.09958
2492.116	189.15436
2492.8203	191.98663
2493.5249	194.84805
2494.2292	193.59955
2494.9336	193.61766
2495.6379	196.18936
2496.3425	194.98856
2497.0469	192.51788
2497.7512	194.29272
2498.4558	200.40446
2499.1602	204.18904
2499.8645	199.34665
2500.5688	193.78641
2501.2734	195.34825
2501.9778	204.07037
2502.6821	198.23943
2503.3867	191.79875
2504.0911	196.39604
2504.7954	199.50494
2505.4998	196.26881
2506.2043	198.61021
2506.9087	195.89438
2507.613	197.80649
2508.3176	196.84862
2509.022	202.62254
2509.7263	198.68079
2510.4307	192.03307
2511.1353	195.63699
2511.8396	195.90552
2512.5439	194.43271
2513.2485	195.12584
2513.9529	196.80824
2514.6572	195.7784
2515.3616	191.02086
2516.0662	190.50679
2516.7705	199.87981
2517.4749	197.98073
2518.1794	197.19376
2518.8838	197.57533
2519.5881	201.28871
2520.2927	199.3791
2520.9971	198.83514
2521.7014	200.03363
2522.4058	192.57074
2523.1104	195.85895
2523.8147	194.23723
2524.519	193.42516
2525.2236	199.27069
2525.928	199.02219
2526.6323	200.23929
2527.3367	185.67499
2528.0413	188.91373
2528.7456	199.7325
2529.45	202.18396
2530.1545	191.88235
2530.8589	195.60858
2531.5632	195.00835
2532.2676	194.30142
2532.9722	189.75583
2533.6765	197.73389
2534.3809	196.87291
2535.0854	192.61958
2535.7898	197.42665
2536.4941	195.96309
2537.1985	196.97588
2537.9031	197.62466
2538.6074	198.89581
2539.3118	198.64775
2540.0164	199.6898
2540.7207	194.54759
2541.425	202.68999
2542.1294	194.83357
2542.834	198.65517
2543.5383	197.77242
2544.2427	197.07205
2544.9473	199.6055
2545.6516	198.95735
2546.356	194.562
2547.0603	200.34929
2547.7649	195.88225
2548.4692	198.66446
2549.1736	197.75085
2549.8782	192.22504
2550.5825	198.03581
2551.2869	197.112
2551.9912	195.49576
2552.6958	198.40289
2553.4001	196.41362
2554.1045	199.35265
2554.8091	198.6188
2555.5134	196.93536
2556.2178	200.42468
2556.9224	193.22987
2557.6267	199.10106
2558.3311	198.64021
2559.0354	199.77254
2559.74	193.52859
2560.4443	192.92046
2561.1487	194.62534
2561.8533	198.12029
2562.5576	195.57628
2563.262	190.28508
2563.9663	195.60333
2564.6709	198.41576
2565.3752	199.28296
2566.0796	200.89662
2566.7842	200.62248
2567.4885	196.73111
2568.1929	193.43388
2568.8972	203.26517
2569.6018	195.62498
2570.3062	195.03731
2571.0105	200.93454
2571.7151	197.66377
2572.4194	194.92152
2573.1238	198.7303
2573.8281	199.07309
2574.5327	194.66925
2575.2371	196.84489
2575.9414	193.40936
2576.646	193.60272
2577.3503	196.86526
2578.0547	194.76617
2578.759	194.48976
2579.4636	198.78676
2580.168	199.0351
2580.8723	197.35121
2581.5769	200.74733
2582.2813	200.00119
2582.9856	195.16721
2583.6899	196.55058
2584.3945	198.7137
2585.0989	197.56476
2585.8032	197.06943
2586.5078	197.17136
2587.2122	199.38536
2587.9165	196.66942
2588.6208	204.57066
2589.3254	204.83647
2590.0298	195.8875
2590.7341	198.14766
2591.4387	194.3651
2592.1431	198.3708
2592.8474	196.76077
2593.552	198.64929
2594.2563	197.76488
2594.9607	197.54817
2595.665	206.28
2596.3696	200.0457
2597.074	201.95943
2597.7783	202.33896
2598.4829	198.84503
2599.1873	201.00858
2599.8916	197.83853
2600.5959	199.85562
2601.3005	200.74623
2602.0049	194.94942
2602.7092	205.63907
2603.4138	202.05046
2604.1182	199.27197
2604.8225	201.92924
2605.5269	201.47612
2606.2314	188.49461
2606.9358	196.11037
2607.6401	204.18536
2608.3447	194.68425
2609.0491	199.23094
2609.7534	203.94679
2610.4578	201.00885
2611.1624	199.59462
2611.8667	200.08514
2612.571	191.58144
2613.2756	192.89398
2613.98	194.27548
2614.6843	195.80733
2615.3887	194.33121
2616.0933	193.79335
2616.7976	192.49246
2617.502	204.55313
2618.2065	196.84877
2618.9109	195.33548
2619.6152	198.66705
2620.3196	196.95985
2621.0242	199.1003
2621.7285	194.10677
2622.4329	199.69017
2623.1375	199.1033
2623.8418	203.53726
2624.5461	200.05336
2625.2505	195.72171
2625.9551	199.65219
2626.6594	196.64864
2627.3638	199.10648
2628.0684	193.49007
2628.7727	198.12019
2629.4771	198.60263
2630.1816	197.25211
2630.886	197.42558
2631.5903	202.4787
2632.2947	195.59883
2632.9993	191.77017
2633.7036	200.13148
2634.408	197.13728
2635.1125	196.25296
2635.8169	198.53249
2636.5212	196.27489
2637.2256	198.84787
2637.9302	200.00807
2638.6345	192.70404
2639.3389	198.00716
2640.0435	199.54512
2640.7478	193.35526
2641.4521	194.76051
2642.1565	193.95195
2642.8611	204.85249
2643.5654	201.62483
2644.2698	199.33844
2644.9744	200.1147
2645.6787	196.71559
2646.3831	194.9725
2647.0874	199.70032
2647.792	195.27664
2648.4963	206.13603
2649.2007	197.2092
2649.9053	198.90604
2650.6096	196.57193
2651.314	198.61916
2652.0183	201.47911
2652.7229	192.85303
2653.4272	193.05258
2654.1316	199.56998
2654.8362	198.588
2655.5405	194.6179
2656.2449	194.02684
2656.9492	199.75443
2657.6538	193.88901
2658.3582	196.39395
2659.0625	194.05682
2659.7671	194.77803
2660.4714	197.9257
2661.1758	199.51227
2661.8804	193.67239
2662.5847	201.26302
2663.2891	195.45064
2663.9934	196.59447
2664.698	196.98148
2665.4023	196.78641
2666.1067	197.56073
2666.8113	192.11491
2667.5156	194.17006
2668.22	189.8253
2668.9243	200.85735
2669.6289	200.23112
2670.3333	196.34253
2671.0376	200.54243
2671.7422	198.60217
2672.4465	193.29759
2673.1509	195.76584
2673.8552	197.18243
2674.5598	199.67467
2675.2642	199.72606
2675.9685	194.67296
2676.6731	204.23358
2677.3774	199.3083
2678.0818	197.68996
2678.7861	197.54639
2679.4907	199.73076
2680.1951	198.23276
2680.8994	195.49913
2681.604	198.35652
2682.3083	202.04958
2683.0127	198.47752
2683.717	201.1301
2684.4216	202.39207
2685.126	199.68053
2685.8303	198.36118
2686.5349	199.35181
2687.2393	193.81544
2687.9436	197.16919
2688.6479	198.26689
2689.3525	198.26886
2690.0569	203.37215
2690.7612	202.15793
2691.4658	201.51489
2692.1702	202.84918
2692.8745	202.30176
2693.5789	204.7224
2694.2834	202.73296
2694.9878	202.55968
2695.6921	203.16634
2696.3967	201.08365
2697.1011	203.66673
2697.8054	204.37057
2698.51	199.0508
2699.2144	202.82022
2699.9187	205.25691
2700.623	203.28737
2701.3276	200.34567
2702.032	200.41751
2702.7363	197.349
2703.4409	198.63481
2704.1453	199.96191
2704.8496	201.0587
2705.554	202.11296
2706.2585	199.44455
2706.9629	200.93698
2707.6672	198.13838
2708.3718	198.46097
2709.0762	202.8587
2709.7805	202.34644
2710.4849	207.00725
2711.1895	203.21313
2711.8938	201.47173
2712.5981	193.75044
2713.3027	201.30914
2714.0071	197.63901
2714.7114	202.29453
2715.4158	195.2188
2716.1204	196.33826
2716.8247	201.92551
2717.5291	200.92068
2718.2336	200.97597
2718.938	199.24408
2719.6423	203.11198
2720.3467	205.06859
2721.0513	201.97057
2721.7556	193.98401
2722.46	197.39345
2723.1646	203.30885
2723.8689	199.71231
2724.5732	201.13396
2725.2776	206.97789
2725.9822	195.3187
2726.6865	197.34183
2727.3909	203.33835
2728.0955	200.67239
2728.7998	202.65509
2729.5042	198.36493
2730.2085	202.7971
2730.9131	202.86801
2731.6174	199.43628
2732.3218	202.18997
2733.0264	199.27765
2733.7307	200.43425
2734.4351	196.50343
2735.1396	194.67787
2735.844	202.70277
2736.5483	201.14606
2737.2527	201.64262
2737.9573	199.15884
2738.6616	198.91245
2739.366	202.69717
2740.0706	197.92386
2740.7749	195.09798
2741.4792	200.41866
2742.1836	202.43008
2742.8882	197.32262
2743.5925	199.75371
2744.2969	196.16586
2745.0015	199.82281
2745.7058	199.20779
2746.4102	194.69034
2747.1145	196.40335
2747.8191	195.50661
2748.5234	198.68694
2749.2278	199.20653
2749.9324	198.0125
2750.6367	199.17683
2751.3411	199.4269
2752.0454	195.19383
2752.75	199.52859
2753.4543	201.69363
2754.1587	201.13963
2754.8633	196.91734
2755.5676	200.91814
2756.272	199.51883
2756.9763	195.32466
2757.6809	197.76375
2758.3853	195.96361
2759.0896	194.88034
2759.7942	198.00693
2760.4985	205.44197
2761.2029	195.17242
2761.9072	195.79898
2762.6118	202.62122
2763.3162	200.53404
2764.0205	202.60616
2764.7251	202.55981
2765.4294	203.15215
2766.1338	195.18283
2766.8381	194.6122
2767.5427	195.14926
2768.2471	194.80396
2768.9514	199.72893
2769.656	197.97969
2770.3604	195.46123
2771.0647	201.07294
2771.7693	197.05872
2772.4736	196.66223
2773.178	202.24429
2773.8823	194.04257
2774.5869	198.95731
2775.2913	196.63258
2775.9956	198.8591
2776.7002	199.05438
2777.4045	196.63658
2778.1089	197.73454
2778.8132	198.2951
2779.5178	195.8674
2780.2222	194.79691
2780.9265	199.81787
2781.6311	197.90933
2782.3354	193.68413
2783.0398	197.16356
2783.7441	195.01726
2784.4487	197.83661
2785.1531	200.10547
2785.8574	197.57277
2786.562	200.6723
2787.2664	197.09435
2787.9707	196.67833
2788.675	196.10555
2789.3796	206.08607
2790.084	201.97876
2790.7883	199.84085
2791.4929	202.12334
2792.1973	198.30052
2792.9016	197.12982
2793.606	203.40494
2794.3105	200.29808
2795.0149	195.73114
2795.7192	198.90007
2796.4238	197.15732
2797.1282	202.57874
2797.8325	200.04256
2798.5369	193.55841
2799.2415	198.49666
2799.9458	199.11726
2800.6501	197.81995
2801.3547	197.72641
2802.0591	196.06964
2802.7634	201.91183
2803.4678	195.46552
2804.1724	197.79498
2804.8767	196.94643
2805.5811	198.15158
2806.2856	197.73347
2806.99	195.77283
2807.6943	197.97047
2808.3989	201.09039
2809.1033	197.33493
2809.8076	202.93547
2810.512	202.46768
2811.2166	199.30872
2811.9209	202.69194
2812.6252	201.86435
2813.3298	199.2682
2814.0342	198.74521
2814.7385	202.99646
2815.4429	203.83888
2816.1475	197.89383
2816.8518	195.78838
2817.5562	197.6636
2818.2607	196.56824
2818.9651	199.87163
2819.6694	198.26404
2820.3738	203.11096
2821.0784	198.02887
2821.7827	202.64595
2822.4871	198.97325
2823.1917	195.67009
2823.896	200.54156
2824.6003	197.09708
2825.3047	200.99754
2826.0093	198.38104
2826.7136	198.83559
2827.418	204.65816
2828.1226	195.04393
2828.8269	196.04045
2829.5313	198.61694
2830.2356	196.47466
2830.9402	194.06351
2831.6445	193.92021
2832.3489	196.25024
2833.0535	197.70586
2833.7578	196.37682
2834.4622	192.86707
2835.1665	198.10143
2835.8711	199.345
2836.5754	197.89523
2837.2798	195.84779
2837.9844	196.7271
2838.6887	197.58443
2839.3931	193.55028
2840.0977	195.20949
2840.802	197.21075
2841.5063	201.46048
2842.2107	200.04823
2842.9153	193.65927
2843.6196	196.10201
2844.324	195.37642
2845.0286	202.299
2845.7329	197.14845
2846.4373	197.62755
2847.1416	194.76366
2847.8462	190.6701
2848.5505	195.02559
2849.2549	199.45355
2849.9595	197.54128
2850.6638	197.02266
2851.3682	196.16589
2852.0725	195.0611
2852.7771	195.8528
2853.4814	195.5896
2854.1858	194.74454
2854.8904	197.34901
2855.5947	199.55074
2856.2991	203.51695
2857.0034	202.4707
2857.708	197.87836
2858.4124	206.6259
2859.1167	197.51736
2859.8213	200.33296
2860.5256	199.31117
2861.23	201.84328
2861.9343	200.36285
2862.6389	198.05914
2863.3433	199.22417
2864.0476	199.09406
2864.7522	202.36716
2865.4565	196.53822
2866.1609	199.34544
2866.8652	197.23506
2867.5698	198.36166
2868.2742	201.40295
2868.9785	203.58064
2869.6831	195.05254
2870.3875	197.51717
2871.0918	194.21158
2871.7961	193.40472
2872.5007	202.45985
2873.2051	195.55957
2873.9094	200.95314
2874.614	198.20816
2875.3184	201.73889
2876.0227	193.37479
2876.7273	195.73506
2877.4316	194.88982
2878.136	195.93353
2878.8403	193.67102
2879.5449	194.96539
2880.2493	199.24208
2880.9536	200.16753
2881.6582	199.00288
2882.3625	196.16936
2883.0669	191.73041
2883.7712	203.9308
2884.4758	201.74884
2885.1802	202.19429
2885.8845	199.85005
2886.5891	197.79649
2887.2935	197.45348
2887.9978	193.38193
2888.7021	198.37567
2889.4067	195.25533
2890.1111	195.26445
2890.8154	205.06606
2891.52	196.63771
2892.2244	198.64381
2892.9287	201.43863
2893.6331	198.49927
2894.3376	197.11154
2895.042	194.42294
2895.7463	197.01585
2896.4509	198.29007
2897.1553	199.35719
2897.8596	188.95193
2898.564	194.54013
2899.2686	194.59267
2899.9729	196.22769
2900.6772	194.74628
2901.3818	196.40634
2902.0862	202.13422
2902.7905	199.13075
2903.4949	198.93849
2904.1995	198.31006
2904.9038	191.02002
2905.6082	196.69154
2906.3127	198.17166
2907.0171	194.9136
2907.7214	190.38387
2908.4258	195.92793
2909.1304	197.12756
2909.8347	198.28955
2910.5391	193.9691
2911.2437	203.39482
2911.948	198.19365
2912.6523	193.14491
2913.3569	196.35152
2914.0613	198.73483
2914.7656	189.57672
2915.47	197.78194
2916.1746	196.76115
2916.8789	191.74358
2917.5833	195.81477
2918.2878	189.93347
2918.9922	195.38737
2919.6965	193.85202
2920.4009	197.78421
2921.1055	192.01532
2921.8098	192.97768
2922.5142	192.25438
2923.2188	195.16933
2923.9231	195.02299
2924.6274	196.51932
2925.3318	195.42004
2926.0364	196.54919
2926.7407	197.77458
2927.4451	191.16681
2928.1497	196.34219
2928.854	192.55496
2929.5583	195.05376
2930.2627	193.87221
2930.9673	193.36443
2931.6716	188.82721
2932.376	193.98347
2933.0806	194.90106
2933.7849	192.87622
2934.4893	193.78934
2935.1936	200.49834
2935.8982	194.34975
2936.6025	200.60449
2937.3069	200.12245
2938.0115	198.79597
2938.7158	198.77492
2939.4202	197.78603
2940.1245	193.0898
2940.8291	198.93733
2941.5334	197.70705
2942.2378	194.10773
2942.9424	193.27922
2943.6467	193.28143
2944.3511	194.32527
2945.0554	197.72298
2945.76	194.68663
2946.4644	194.77475
2947.1687	192.39629
2947.8733	197.02899
2948.5776	192.16086
2949.282	190.34175
2949.9866	196.72998
2950.6909	197.37939
2951.3953	190.93547
2952.0996	192.76268
2952.8042	196.38875
2953.5085	194.79936
2954.2129	192.88391
2954.9175	197.45074
2955.6218	192.27811
2956.3262	196.83342
2957.0305	192.16359
2957.7351	194.59642
2958.4395	194.08115
2959.1438	197.81981
2959.8484	192.33751
2960.5527	196.70027
2961.2571	194.75821
2961.9614	194.49622
2962.666	187.58611
2963.3704	195.84857
2964.0747	190.4346
2964.7793	193.66682
2965.4836	197.58812
2966.188	191.91005
2966.8923	187.59589
2967.5969	190.74278
2968.3013	197.23326
2969.0056	194.50475
2969.7102	191.58543
2970.4146	193.36504
2971.1189	194.31047
2971.8232	195.21591
2972.5278	193.8515
2973.2322	189.69527
2973.9365	197.92847
2974.6411	196.85655
2975.3455	196.27475
2976.0498	190.81737
2976.7542	192.08885
2977.4587	191.24469
2978.1631	190.97672
2978.8674	192.42981
2979.572	192.60812
2980.2764	192.30304
2980.9807	194.1969
2981.6851	190.57155
2982.3896	186.75238
2983.094	190.01666
2983.7983	193.51961
2984.5029	194.96931
2985.2073	196.72878
2985.9116	193.73859
2986.6162	192.98514
2987.3206	194.07059
2988.0249	193.19092
2988.7292	191.07582
2989.4338	192.60725
2990.1382	191.87166
2990.8425	191.25473
2991.5471	190.50882
2992.2515	192.18275
2992.9558	197.15646
2993.6602	192.86475
2994.3647	194.46303
2995.0691	192.89014
2995.7734	192.4649
2996.478	192.65659
2997.1824	194.19
2997.8867	197.53528
2998.5911	186.76706
2999.2957	189.34248
3000	193.60942
